01 00 00 00 00 00 00 00 00 00 00 00 00 00 00 00 00
00 01 00 00 00 00 00 00 00 00 00 00 00 00 09 00 00
00 00 01 00 00 00 00 00 00 00 00 00 00 00 00 00 00
00 00 00 01 00 00 00 00 00 00 00 00 00 00 00 00 00
00 00 00 00 01 00 00 00 00 00 00 00 00 00 00 00 00
00 00 00 00 00 00 00 00 00 00 00 00 00 00 00 00 00
00 00 00 00 00 00 01 01 01 01 00 00 00 00 00 00 00
00 00 00 00 00 00 01 01 01 01 00 00 00 00 00 00 00
00 00 00 00 00 00 00 00 00 00 00 00 00 00 00 00 00
00 00 00 00 00 00 00 00 00 00 00 00 00 00 00 00 00
00 00 00 00 00 00 00 00 18 00 00 00 00 00 00 00 00
00 00 00 00 00 00 00 00 00 00 00 00 00 00 00 00 00
00 00 00 00 00 00 00 00 01 00 00 00 00 00 00 00 00
00 00 00 00 00 00 00 00 01 00 00 00 00 00 00 00 00
00 00 00 00 02 00 00 00 01 00 00 17 00 00 01 00 01
00 00 00 00 00 00 00 00 01 00 00 00 00 00 01 00 01
00 00 00 00 00 00 00 00 00 00 00 00 00 00 01 01 01